Alabama
27, 020
3,960
220
2,19 0
710
900
4,220
1,390
1,030
2,950
1,110
Alaska
3,330
500
†
270
110
120
440
100
140
330
150
Arizona
32,510
4,900
230
2,550
1,060
1,16 0
3,980
1,510
1,300
3,150
1,630
Arkansas
16,460
2,090
150
1,410
470
510
2,610
340
670
1,670
700
California
173,20 0
26,730
1,460
13,770
6,120
6,370
18 ,14 0
8,560
7,76 0
17, 24 0
7, 5 8 0
Colorado
24,730
4 ,110
180
1,790
860
1,020
2,520
1,460
1,110
3,060
1,080
Connecticut
21,700
3,290
120
1,610
880
790
2,770
680
920
2,460
1,13 0
Delaware
5,630
800
†
430
190
180
850
320
220
690
260
Dist. of Columbia
2,910
470
†
200
100
80
300
110
110
460
90
Florida
121,24 0
16,770
1,050
9,710
3,940
3,930
17, 3 6 0
6,200
5,370
13,310
5,940
Georgia
48,670
7,16 0
430
3,980
1,450
1,490
6,670
2,540
1,830
5,570
1,830
Hawaii
6,850
1,13 0
60
650
280
220
740
410
300
610
250
Idaho
8 ,120
1,110
50
610
280
360
990
490
370
1,010
430
Illinois
65,090
10,16 0
550
5,580
2,690
2,370
8,820
2,500
2,860
7, 25 0
3,040
Indiana
35,18 0
4,980
290
2,980
1,310
1,19 0
5,520
1,460
1,500
3,510
1,620
Iowa
17,10 0
2,310
110
1,500
700
730
2,420
1,000
790
1,670
840
Kansas
14,530
2,210
110
1,150
560
540
1,970
820
640
1,510
650
Kentucky
25,720
3,470
200
2,200
810
980
4,960
1,450
1,080
2,460
1,120
Louisiana
25,070
3,400
220
2,170
620
710
3,730
620
1,090
2,950
940
Maine
9,270
1,310
50
720
380
380
1,410
340
400
960
570
Maryland
30,990
4,880
230
2,390
1,170
1,000
4,10 0
1,590
1,230
3,840
1,330
Massachusetts
37, 6 20
6,010
210
2,750
1,560
1,340
4,910
1,380
1,720
4,350
2,030
Michigan
56,530
8 ,150
380
4,570
2,290
1,890
8,440
2,560
2,520
6,000
3,000
Minnesota
29,13 0
4,300
140
2,18 0
1,070
1,280
3,660
1,220
1,370
2,930
1,300
Mississippi
16,680
2,330
150
1,530
430
520
2,550
490
570
1,770
600
Missouri
34,270
5,030
250
2,850
1,250
1,220
5,450
1,610
1,4 40
3,260
1,550
Montana
6,070
890
†
460
210
270
750
350
270
770
330
Nebraska
9,740
1,480
60
850
380
390
1,220
470
440
960
460
Nevada
14,390
2,010
110
1,14 0
390
520
1,700
440
550
1,320
670
New Hampshire
8,680
1,280
†
620
350
290
1,14 0
290
350
910
490
New Jersey
49,750
7, 420
370
4,020
2,050
1,870
5,580
2,470
2,430
5,970
2,460
New Mexico
9,750
1,480
80
760
330
380
1,020
450
410
1,020
390
New York
110 , 28 0
16,360
790
8,730
4,360
4,490
13,20 0
4,250
4,860
12,010
5,220
North Carolina
54,450
7, 8 3 0
400
4,280
1,780
1,870
7, 8 70
2,850
2,210
5,990
2,280
North Dakota
3,930
530
†
310
130
150
480
190
160
400
180
Ohio
66,020
9,390
470
5,340
2,640
2,14 0
10,550
2,880
2,820
6,760
3,18 0
Oklahoma
19,650
2,760
180
1,630
590
720
3,150
570
860
2,080
840
Oregon
22,510
3,430
150
1,610
850
750
2,970
1,530
980
2,490
1,13 0
Pennsylvania
83,560
11, 310
540
6,390
3,290
3,020
10,500
3,750
3,540
8,350
4,260
Rhode Island
6,19 0
940
†
490
250
210
890
210
260
640
350
South Carolina
27,9 8 0
4,010
210
2,220
860
920
4,280
1,540
1,080
3,19 0
1,210
South Dakota
4,690
680
†
390
170
180
590
210
210
470
230
Tennessee
37, 65 0
5,420
300
3,13 0
1,10 0
1,350
6,010
1,850
1,510
3,370
1,590
Texas
116 , 6 9 0
16,800
1,330
9,680
3,700
4,210
14,620
2,920
5,120
13,210
4,150
Utah
11, 0 3 0
1,420
70
720
400
470
890
840
510
1,310
430
Vermont
4,050
580
†
280
160
140
510
180
170
450
220
Virginia
43,19 0
6,620
300
3,240
1,490
1,310
5,690
2,340
1,660
4,820
1,910
Washington
37,7 70
5,820
230
2,700
1,390
1,490
4,670
2,440
1,750
4,430
1,830
West Virginia
11,7 70
1,490
90
1,010
450
410
2,020
640
490
1,030
600
Wisconsin
32,970
4,730
200
2,520
1,310
1,260
4,230
1,350
1,490
3,570
1,630
Wyoming
2,920
420
†
220
100
110
310
180
120
380
160