State
All Sites
Female 
Breast
Uterine 
Cervix
Colon & 
Rectum
Uterine 
Corpus
Leukemia
Lung & 
Bronchus
Melanoma 
of the 
Skin
Non-
Hodgkin 
Lymphoma
Prostate
Urinary 
Bladder
Alabama
26,150
3,680
230
2,150
660
730
4,150
1,380
1,020
3,590
1,000
Alaska
3,700
470
†
290
100
110
420
100
140
490
180
Arizona
32,440
4,750
200
2,440
940
950
3,740
1,400
1,300
4,090
1,580
Arkansas
15,830
2,090
150
1,420
420
480
2,620
360
670
2,050
630
California
172,09 0
25,270
1,490
14,510
5,800
5,970
18,430
8,560
7, 8 70
21,060
7,15 0
Colorado
24,540
3,640
170
1,800
740
870
2,560
1,400
1,090
3,600
1,080
Connecticut
21,970
3,19 0
130
1,580
810
660
2,870
780
920
3,170
1,14 0
Delaware
5,280
780
†
400
180
160
860
280
220
740
250
Dist. of Columbia
2,800
430
†
230
100
70
310
80
100
490
80
Florida
114 , 0 4 0
15,470
980
9,330
3,550
3,930
16,810
5,480
5,340
15,480
5,670
Georgia
48,070
7,170
430
3,820
1,330
1,430
6,460
2,350
1,870
7, 45 0
1,720
Hawaii
6,730
1,14 0
50
720
280
230
890
420
310
710
220
Idaho
8,080
1,070
†
620
240
300
910
470
380
1,270
410
Illinois
65,460
9,570
550
5,720
2,470
2,200
8,920
2,380
2,890
8 ,14 0
2,970
Indiana
35,620
4,600
280
2,890
1,18 0
1,10 0
5,510
1,460
1,490
4,040
1,590
Iowa
17,14 0
2,390
100
1,490
640
640
2,440
1,070
830
2,170
800
Kansas
14,4 40
2,13 0
90
1,080
500
480
1,930
850
640
1,860
620
Kentucky
26,490
3,300
220
2,090
730
820
4,680
1,530
1,030
3,040
1,070
Louisiana
24,10 0
2,900
220
2,150
570
690
3,380
540
950
3,980
910
Maine
8,810
1,010
50
610
340
320
1,360
320
390
1,10 0
540
Maryland
30,050
4,730
230
2,360
1,080
780
3,980
1,410
1,230
4,620
1,250
Massachusetts
37,79 0
5,890
210
2,550
1,460
1,13 0
5,150
1,310
1,620
5,420
2,000
Michigan
57, 420
7,78 0
350
4,19 0
2,090
1,870
8,350
2,630
2,500
8 ,110
2,870
Minnesota
29,730
3,900
130
2,14 0
990
1,120
3,250
1,19 0
1,330
3,740
1,270
Mississippi
16,260
2,050
140
1,460
390
450
2,340
540
550
2,150
500
Missouri
34,680
4,610
260
2,840
1,120
1,10 0
5,380
1,510
1,450
3,900
1,500
Montana
5,950
830
†
500
190
200
760
300
270
1,000
310
Nebraska
9,540
1,230
60
850
340
320
1,200
500
450
1,19 0
440
Nevada
13,6 4 0
1,690
120
1,110
350
440
1,770
470
530
1,640
660
New Hampshire
8,090
1,120
†
540
310
260
1,14 0
280
350
1,080
450
New Jersey
51,410
7, 310
410
4,260
1,850
1,610
5,830
2,520
2,310
7, 270
2,530
New Mexico
9,970
1,320
80
820
300
360
990
480
410
1,290
390
New York
107, 8 4 0
14,900
870
8,010
4,250
3,630
13,18 0
4,270
4,800
14,850
5,200
North Carolina
50,420
7, 8 20
390
3,980
1,630
1,660
7,75 0
2,600
2,150
7, 210
2,170
North Dakota
3,840
510
†
350
110
140
440
180
170
490
190
Ohio
65,010
8,950
450
5,430
2,410
1,930
10,000
2,790
2,790
8 ,150
3,040
Oklahoma
19,280
2,770
170
1,690
540
670
3,220
480
840
2,480
830
Oregon
22,410
3,280
130
1,510
740
720
2,830
1,480
960
3,110
1,090
Pennsylvania
81,540
9,990
540
6,300
3,000
2,560
10,540
3,880
3,410
10,050
4,080
Rhode Island
6,040
730
†
470
230
180
880
180
250
760
330
South Carolina
25,550
3,820
220
2,13 0
780
820
4,040
1,420
1,070
3,870
1,090
South Dakota
4,520
600
†
360
150
170
570
210
210
550
220
Tennessee
38,300
4,770
320
3,060
1,000
1,110
6,200
1,940
1,500
4,410
1,510
Texas
113, 6 3 0
16,510
1,240
10,050
3,240
4,360
13,650
2,410
5,080
15,020
4,080
Utah
11, 0 5 0
1,460
70
670
360
390
660
800
510
1,750
430
Vermont
4,020
530
†
280
150
110
570
150
170
470
210
Virginia
41,170
6,090
320
2,970
1,340
1,10 0
5,740
2,230
1,680
6,120
1,670
Washington
3 8 ,18 0
5,480
230
2,700
1,250
1,300
4,790
2,460
1,770
5,430
1,790
West Virginia
11,7 3 0
1,430
90
1,080
400
380
2,080
550
480
1,370
550
Wisconsin
32,700
4,310
190
2,460
1,16 0
1,19 0
4,370
1,330
1,460
4,310
1,610
Wyoming
2,860
390
†
230
90
100
320
160
120
460
140